9380992.85900902
7476190.76643106
6419735.06545656
7870187.35914345
6431552.65303513
7324990.66315993
10200425.4429992
14655909.2341057
5800084.99540196
6125422.40781355
7426329.39527755
6269089.94441323
11277033.4181333
6638798.2905445
6860419.80375762
7286858.6571718
7398264.60823893
9006045.23604679
10663594.4926128
6912271.6401621
7162773.18240419
9613134.60340559
12545750.3619329
9437751.54148354
9246171.7903885
6380437.49901733
16786280.8540076
7521622.40108987
9241571.75020823
6741574.25914635
6141496.88619177
7709410.65233871
7033221.8245882
10216800.8958688
10983685.608011
8623869.63905957
9407731.67593186
8593660.13807904
8774785.83678528
8021303.19947242
6115006.83796008
30951124.7079819
7247658.75169982
6782833.23423807
7122654.54828364
6538223.94095397
8764888.29477433
15666812.1618859
7792167.05111109
8125793.2754359
6951256.91295841
8816324.1478851
7501550.44317242
6898676.05766441
7562335.57543905
6921149.2938177
12470494.5245834
23093838.6627794
6263392.81183237
12319523.4498737
12762944.4011672
12601089.224113
7558284.49181879
7722158.96603004
10582548.3498239
8219307.53257441
6457427.57884018
13598895.5268229
6324148.06487635
7020873.98221056
6576432.85610507
7339175.64991518
12501603.6444947
8514138.71099891
10657383.8863876
15294546.1078934
6648231.33466444
8583594.59632537
7540657.9723589
9790310.69945096
27390142.223758
8022506.68814986
14684791.3516621
10214292.4525873
7892551.10888113
8130038.42992
7539926.39364693
6694821.72433949
8586218.86678252
5928670.72494746
7171862.86236614
33077989.503835
8584747.09408459
6974465.29259742
5605034.45310174
8757698.94076078
6541018.65502899
11942591.0918837
10939788.8639278
10122127.2098843
10741680.2071003
8938764.79532196
7988813.83883737
6872263.89046108
11148467.8331068
9563911.54006798
9432959.37624772
8984033.02586546
7992220.04900402
7877887.62139503
12835952.1069582
6445663.46485479
7285508.00351212
7338890.09923932
6689081.46639654
10742894.2004088
10306621.2924162
15263320.2381253
6575509.38737134
7347086.68246397
15077092.4123658
6972038.29106049
14020842.9513358
10366128.4053379
7085933.3592746
10634397.6542973
15657329.8514704
8303548.00098943
9456564.81367636
7367551.60227049
6336541.06961969
6809299.25062802
11894262.3446069
7692219.67490531
6167520.93578471
8820869.76112103
7986846.2791136
7098083.24306253
12005121.7050074
6782086.11660607
22329255.5503835
5208678.88844151
8565073.69064058
10472989.2365933
9427236.6577007
13317383.4163334
11332010.6649077
7148674.93496605
6689151.06023879
7506268.40347042
10025661.8368531
8699416.51308471
5187652.89086213
6762136.66570621
11245711.0726419
7720796.51580344
9505878.99577555
6716936.53968847
23414860.9709522
7512839.7545605
11851102.4350029
6279755.02876848
6709063.06124194
6880879.2822137
9420593.01387513
5632642.17255665
6785840.56706312
7874560.6685625
13327911.0705294
7255501.87296289
12217610.9556294
6976462.37287755
8145196.46417955
10593065.6166931
7588089.93552489
9845335.90203073
7135079.02565103
8261258.56182382
7304606.05926913
8636005.1362956
7254694.28060135
6830661.38447087
11825654.4074783
8573450.34900958
7937464.22189383
12238323.0621546
7169913.09056083
11721683.5921717
7179874.51125866
10965981.9670888
6693663.51115469
5240670.47401953
8522352.84772435
6370628.13591115
7281477.35433581
6635441.34587257
8211400.00047074
8472735.24168403
10647298.2787255
6943715.44502533
10507743.3347206
11231108.7216199
20813038.6994497
10628820.6519464
9474083.13273059
12096999.9668913
6764204.47841743
12277907.3516238
9378509.51660728
7409187.17511812
5855551.03249041
11009441.5652959
5514462.7875126
7509688.22847978
8160695.5753472
9364936.79130006
9199939.18841876
15801380.5355164
6772881.59597621
12201353.8051562
8313928.12383918
9470353.24121148
11308063.7163889
6101055.28957449
11260586.4670369
9911504.45869142
8744382.59511276
8345614.66645503
13916030.130838
7265564.35823867
6496493.53337848
11566722.7572338
6790956.97066846
6133321.88576187
11543189.1185461
7936064.91495432
16080044.6783396
7971141.79171163
13388971.0329585
6848724.47808561
9171773.03164705
13069691.8117317
6086517.77550117
10537420.3922993
7876843.87973936
6361038.82314
11175011.5239793
6761061.3331907
6519961.28903075
5929284.90230426
6107021.9246122
14688747.0056439
6855332.75879426
13763246.7308692
25680256.4136783
13361859.6988117
5904603.1371916
8968581.60295334
10793237.0559269
7982311.44820253
8170728.82871914
20145617.7683347
7996751.96978558
10373262.7921092
7214747.11715809
6332185.67211724
7858370.13218284
7568141.59502396
10520022.6051485
7767380.34909033
6266064.02985938
7486312.66276472
9689512.83561448
8531503.24380017
5966842.92895225
7650097.2774702
6326963.8110054
17286379.5623874
7501859.07728721
19423880.2165429
7083600.80612745
5183474.38117289
7236181.56393775
5468865.90732235
6434811.39437888
6400295.16186872
10707262.0793502
7661851.64928088
7771196.23111515
9338396.90005192
8158043.27680507
13413460.7031435
9711113.86797443
4966588.17415866
7778745.79613789
14138392.9631533
11941902.503148
7335797.18337674
7663093.16413636
6152302.20574181
11642035.1681315
7236083.99365176
11233968.6548531
7640956.47095126
12770719.7795325
8626921.44105799
7263318.87103889
6001554.63711402
9031738.51807693
5348420.7759993
6307674.9548779
6384602.19109887
7282388.43474307
7489498.68643157
6574666.75463628
7148157.25478708
8159856.08472374
11731831.3337874
8190720.45076708
13709563.4181122
16133169.7508056
6600866.20155954
12642995.9792532
7767055.69105073
5885271.97111097
8121408.38514317
6875038.34952124
9465081.80640751
8753565.54853788
9928165.69376626
12109302.8781652
9453094.03108918
19801151.493267
7027151.69843778
13029648.2071716
11503179.7352819
11799792.3941915
10789871.2519525
6236958.62747457
10797900.2861828
6564402.83433056
5639235.55845068
9986198.70398032
6652004.65640555
10680601.1034924
7780084.84258687
9134981.87649741
8179866.82338562
11678649.7982492
9359259.01761685
9459124.12044836
8833033.0010936
7517058.67154645
7919478.32367852
8520627.82590666
7600239.98360789
8444610.47639457
5597288.75117788
8104334.72498752
8018364.12634353
7920001.40864887
9440733.77011003
6984801.73957575
8743630.12393869
12460289.029258
13070217.7774949
17598142.2422798
14236751.5688717
8510341.5183079
6584584.27413448
7117224.67954049
6772377.80322347
10198416.1040179
8326285.39360516
8994073.61143007
5705976.38332999
16831315.1695721
6208038.06178832
8589312.08388731
8622214.79700766
10450564.3386416
8458167.50803977
8182915.88212003
8707270.99390589
11832174.7727894
10131768.4970615
9099352.17400941
6885810.1707452
18321433.1901927
6505712.11123138
8669839.43429008
9350336.83312139
4751465.65122038
17880553.6071283
7453746.53752991
8652975.24814893
9577739.23442692
8479317.85429098
13799542.0751973
10455375.6803895
6505795.14834395
6793254.12596799
7925655.04309111
6620525.51421216
6215321.67272658
9555684.71201945
8682594.03162561
10480964.8811673
10570348.7313574
14637517.6711749
7618391.70436675
9278558.17354957
5453007.3501382
10647564.9541624
8534426.42942408
9588000.22436804
8458875.48212021
9349559.54001615
9665131.50396637
10160236.8706247
11135474.2895484
6058746.24069595
8660551.3358755
7862336.06744343
7633866.26903954
7829320.87453898
7579805.30062234
9948409.88669502
10645135.8867494
8212947.36804415
9315128.82947383
8526126.79421087
8154810.18232964
5571883.25657149
8307508.0315697
9468907.59068125
17346463.6905771
6049789.37848035
14467370.6702233
9439676.15552914
14895335.7154205
7721873.24530371
6335019.37642437
11756373.7244996
10246140.4576539
7064740.27325959
7641619.47984641
8712151.96857101
6709127.00803735
5246285.27173393
10243095.6752289
6348671.93533716
11987147.3481196
5106745.7968837
7325700.24775387
5024435.52307281
12520902.8351088
7139442.10541837
4456193.86625947
7921698.85177738
7172919.79602352
16278038.2168749
11153979.9308613
6891756.47091112
6795941.74423166
8100896.83519466
13540592.3875955
7337647.87128882
7329389.28616661
9799425.57380692
9049577.73996772
10591813.6097486
10250382.3098634
10042173.6642345
6437666.14652014
7649700.74823201
12670162.6775428
9248469.27039532
6382665.86755668
10605161.9350091
7971582.58470214
10849815.6000092
9181000.41623995
8305660.769602
5648609.92946266
8425977.23160419
10828038.4487114
13482977.6939989
7407034.75293135
15939727.4982659
7019349.27812089
13935976.526983
7090581.18829824
12690940.1355687
9103571.23695251
9770705.3978848
7875080.46206382
6320192.28911793
6653660.06315168
16629787.0099212
6251146.27224753
14206948.0970117
6654478.23192612
7777445.05846668
7496075.75121284
12191860.7497996
7283026.07370203
9369404.81739157
8477945.79710635
5622627.37474116
6501051.87808517
8483868.41266773
6273664.22492588
13780493.4151439
11369816.1170851
8706112.13061646
7606807.25010404
7300065.97409537
9171587.78634386
16326136.0521645
8593896.46473243
6831351.83260757
5515997.74059572
17083493.8413447
7115649.61972953
10233215.2494231
10427388.3375303
9172753.57862603
8135069.03855709
12999552.233742
7682274.60004161
10367321.0214764
9576177.68838815
7044490.43502773
5382493.45353976
11548755.5244952
19770065.0458441
9631076.83793657
13158524.7665871
4996718.74883235
6470514.79559148
6295747.05833963
8474389.43595688
9243559.65401253
8217724.19844183
7756143.04847928
14032656.5812947
9518362.14929063
15648879.2581852
7606612.73850128
6973941.22655901
8917273.26444548
7618690.64317359
12564896.084122
7028484.45676185
15840444.5818456
8446959.7381905
6811752.18096577
5762433.78226235
12639308.8922421
8834978.23219509
10038396.7296041
7996983.93192718
6801096.74176267
8700904.71163907
10949994.7939898
8209156.48541621
10678606.2497941
10507406.7520657
10624425.1784577
9027365.4380234
7741459.09073498
6972881.03372218
9422006.82965782
13359132.0780895
5689734.70273111
6551048.00593168
14985689.5277413
7281816.76278539
9685800.1834604
8775894.04366113
6277781.2723842
18818945.4513534
7236183.24248986
7068954.5218482
13162703.6791112
11765285.2951232
8767433.20167678
18372081.4321147
7074658.15012307
7174692.0015624
8615496.25403925
8183316.96439267
8435168.3245549
6000942.76751683
8292040.00482365
19309436.6756865
9382814.91393445
7578977.57732749
5747527.60478243
5445142.84257051
9413720.03067782
7573342.97554862
7005323.31270028
8133533.56143672
6815291.8471309
11262829.0341838
9788804.0693195
6740105.16618645
10499074.4311495
9009768.15449174
5706778.04538285
13345509.3054571
12995475.5702428
11626253.4864925
12954778.639531
7806165.82622271
11011641.4074399
8152576.48386837
9065289.50581834
10228843.1293475
8004669.23722118
6418622.71422614
6903323.26174924
11241823.5015057
7402957.68418124
7258792.07332361
11242347.3997902
9651861.58950257
13509497.7837614
6274757.53926787
6482304.56187906
11068978.726405
12305606.6014943
9481170.47132866
7227428.6106053
4873623.70294973
12117075.3281654
6651044.23895292
8122068.29223062
6343534.45283756
7288689.73728442
6937595.92730957
12621045.4747519
6966804.72046963
6695663.00627055
7481852.67309161
6548619.0722508
8539770.99185834
14467426.0597082
8683707.08440474
13235933.2482843
9988852.59000953
10420470.9251941
8858312.96401526
7798339.9053282
6567456.67819883
13517279.9089731
9615630.68823941
18424773.6519693
13822379.4286927
9532338.2324037
6095141.69109189
6548694.18457535
8227083.84280436
20350701.261048
7322375.298729
17327266.6683869
15133178.8198677
7468399.72955838
6634787.71012725
6970656.38773491
9313756.46516956
8907432.89924864
6102031.05152497
10751783.1727085
15101416.7972188
7204635.71145837
20469721.786497
6910836.04037401
5914815.1435533
9654172.56431928
5889871.74533032
7172736.58990875
14116484.3338874
7001317.4584048
9474901.86012861
8403089.14024006
6096833.5025501
7449881.72432814
8693233.30361164
8259999.62764983
7526422.92374016
7706961.12568489
8337902.28290611
8073634.48163169
10882789.7776472
6345587.47878218
15586964.6668353
7476250.52614907
10295835.8806453
7618882.80877691
7997585.61717734
7150611.61428829
6738971.85144591
7736410.2150304
18005373.8800432
8693053.61197
30032445.6521356
7877228.71719329
25025637.4132961
4583553.34236446
10254539.0683395
8724391.02731442
5719868.56703938
7756229.86651035
9112284.13030881
6595024.75119532
9695942.75360559
9964686.89337836
7954512.84237801
6993972.25169414
9836311.63405611
6782954.16704871
8660809.94377446
8637030.47689277
6893347.96556119
6745156.0402603
10549271.7847466
14976695.3689054
9418735.31161682
9769176.25885946
8017286.14531851
7776122.79275731
5147352.81587882
9670794.26290128
12239438.3963552
10070577.9765171
8855064.66370925
5615429.60120917
9780692.83379976
7976526.64941777
8148516.52560687
7085311.15410709
7779521.84102127
17934511.9641118
13759141.566857
6558083.51115144
10058708.9401054
15057794.3597991
5193315.62142134
11756242.8418274
7672220.77466084
9216880.64705376
9192147.70036222
6018969.13330407
9413936.97001385
6444261.43529712
12877671.045994
7102375.52914089
9109515.00885912
15230224.4746157
13437713.310613
8381785.40003266
7701274.22620373
7041667.58766975
6779436.87651553
7974612.3906048
9913847.33200603
13320407.8604598
6935531.22874042
8287592.04886972
7915090.64756167
7477348.00039776
7627945.55760717
17691999.8883092
6849976.18585929
6422433.88701667
13734544.2851813
8130923.80485422
7474424.99198587
14991618.4882891
10353679.2835733
7732549.7015301
8101933.6619293
9287736.387043
10704072.650552
11729172.6529518
5405368.75593082
7419792.88106242
7541494.64838035
7131157.52129396
14040284.8504163
7201645.03091163
13925082.1793892
11199540.7845577
9935765.55266704
8129375.26170597
6836152.21801021
8164593.92724072
7250466.57459984
15449299.8059209
8825590.59228768
8122265.84004741
9416537.59901246
18557379.0542382
10332525.5879221
6848031.16003404
8802714.90753606
7539542.75612282
8720904.15022836
7736795.21972698
7773863.74616153
8479591.00483133
7232881.88957598
15077193.7413489
15610560.4014369
6051836.99650881
8098149.82627518
7630218.08413302
9018940.34667385
6932638.71388821
9718735.00482548
6539161.56091945
8220123.60183827
7598094.17298947
9630910.58442535
10000554.9649104
8476178.57236675
7874184.28629321
6570023.7500114
5083675.91554351
5581468.64269718
6412970.12836491
7192504.19252583
12467413.1717914
8779740.34442459
7861560.12385622
8884805.94591062
6332298.68049073
11574568.1798672
7900689.11715676
9646964.49516736
11747024.1039571
10248508.1955895
10266356.1111162
8271845.00606567
5614957.68852649
11388095.0421088
5695077.33089681
11053630.0526452
9417759.34382665
6322094.1936253
8248585.98520342
14844804.0990953
4685333.66720426
9544752.15669348
5784148.18707134
17400242.5631096
15495384.935216
10974537.5785328
7373774.85649664
7404632.92612478
10805505.0910241
11286088.0647097
8378395.81495338
9130982.22183404
11671175.7863058
12723328.2371522
6561178.32144485
8430331.91207886
6214625.10949561
9248191.29896626
9496088.06063887
7281609.74714912
10865850.5276502
9953406.7901061
9180145.86966444
8305270.71395609
8937104.05640522
6803035.52776316
7981449.76398496
11831437.5904391
9762204.86199655
7784233.13985862
12711301.3233484
6540620.31079359
12889485.5702911
9217323.80884664
8954897.78749527
9502153.67540468
8615686.01579658
7515679.30346888
6315783.83183333
5345771.2322876
6075103.15813674
8274854.96658031
10092811.132764
6398781.91589589
7089865.98349256
9889653.0448662
5942801.44225975
8065118.56939629
8988357.61280048
8764776.52365914
5441427.27999727
16565372.4851706
9131250.29188191
8387680.14366801
7239487.57720231
10049795.2976823
12058718.0226682
7345546.06042717
13120632.7122183
10142171.737907
10347596.2582351
8183733.90557097
6356692.58553941
11756810.0548804
10461350.7824844
11074246.1611878
7378723.15731062
6599813.23018119
9675781.37666722
5756602.81173511
7719534.51094647
9216962.7668878
8520941.21864862
8002716.20015293
7700367.66940477
6576395.34967465
12047933.4960573
8937223.49855305
11749037.7945883
10278188.1732215
9007261.87107273
4633739.11946617
8737015.71996504
7348725.73080412
9450581.3301203
27636834.1598049
7645875.64752018
6756901.71465912
10618086.9395238
8201925.65474535
11495541.0146559
6219969.06219107
7714862.65110587
10573849.1597288
9917478.49365975
8212632.72352338
7719137.11894824
6803972.61164346
7983559.3185272
7514837.48265022
11255992.141984
9399802.63758048
6359896.64125423
11592644.3480502
8488445.13702319
10268667.7191192
9579682.34880588
21877943.1816819
21582254.6358007
6842370.1135093
5643617.16097107
10060473.4331948
6807030.80700729
6771558.23564848
7981308.41802843
10248895.4807999
9131930.29837011
6837360.33266347
14977309.420913
12010925.6299794
6293118.08659102
9707894.2335609
6983197.50377683
13470898.9671292
7301461.85709044
21430010.5569345
5743659.84498651
20128210.0002363
8795243.01030898
5023391.23373433
7749990.24981912
4965107.95907349
10831907.8044003
9380406.11421044
15871479.0677866
6957973.02465405
4951825.73483351
39823575.3253283
10024937.8141584
12652114.6386874
17383832.7609821
5910605.3216803
14441698.5265395
6764157.16137096
11338335.4648818
9051389.7697134
24617736.07625
7472554.30815313
7726340.80802344
7639667.01986886
18157087.6728875
11784622.3474431
11157227.308912
15212156.7126116
9760453.84805494
5384863.06099557
8002450.81225043
9231108.56140883
9959710.43099492
5647735.2688466
6573886.92405503
9926805.53054229
7197248.24943899
11583103.8642476
13312699.053723
9711168.79317039
7262387.00655229
8971359.6994761
9555382.61048744
6871302.84780345
7672451.9085501
7240470.39871927
7647117.12810496
11827661.8578187
16164647.7967648
5178693.63812389
7762327.86452585
12355671.4705479
10686818.1752659
6596885.39427688
6825640.3766314
17402700.9566808
8994319.03474343
6095296.4009796
9143516.0302288
20163984.3348875
5627651.80543159
9019455.20661695
8928179.4361669
7353979.96578567
6639249.73170488
6532491.97186466
9277303.19841217
5467698.17670026
10361461.6454698
10301800.7574549
10726640.7620201
5560296.86493404
10878703.2673569
9608030.57477734
9949237.96452367
9354981.90356801
5529598.63524103
16545311.684119
7036780.12176484
5560450.06272113
10046072.2923039
8682777.11079827
6193422.99633198
8149128.60405669
8136764.7689976
7599112.10548933
6454061.34506627
5885737.21983122
6469496.44044071
11698274.6510268
8791231.87199778
8494509.81347251
10718235.6103081
9294600.36886449
15025063.337556
7776716.15248975
5797186.9832043
11245070.8641823
7533408.49132049
7137186.43587505
6090749.01015527
9239003.38258457
7945522.57808284
8720001.56232354
9985068.89682494
8980510.83107312
4875354.34668599
18133341.5499994
6740981.18456961
9347536.93317156
10216136.8629496
9779784.95297864
9201975.13877716
6902680.40342137
32291365.935077
6663263.70936921
9707778.70651979
9483363.10647872
10933735.9013868
31084443.6635132
5732254.48974675
7088448.99759535
15977396.6827987
9593972.01593314
7751336.64600803
7573308.10001421
11842975.2518762
6126793.3877379
5573567.61387343
6432020.4441878
11735412.2970212
7855066.83114871
8874184.55625268
5856207.73769454
8425947.70605954
7270204.5288963
7331215.58987942
9475069.70794898
8373318.97546585
9088970.16760541
8486076.09573274
12645169.5187029
5681577.75601016
15415852.8779758
10393777.1934653
8420003.15782579
8494929.68911908
13702338.9177574
6533824.98840142
8050541.34823694
12700998.3100978
6972903.48562157
6887993.46982256
7912460.52720332
10144178.4906573
6172840.25189349
9508356.81238614
8091121.15382144
6831630.19232823
8814853.28534722
13126343.0638991
11736523.315947
8432903.33485254
7384593.18914161
8131667.83203742
10610863.177077
11136700.1836533
5296581.15913676
31419433.363461
14836445.8698898
6274920.52104073
10142335.5759277
8162450.59062487
6485228.50470331
8168538.38370585
6680294.79839374
8050135.91373033
4944843.38004763
7779537.7251426
24165811.5049059
9646960.7774672
7560091.69276809
13569787.2868135
6052471.57621162
15532497.1305066
7739168.78648892
8237488.96269175
5337645.37076506
8433405.16319565
9277584.89446017
9329578.29302467
9086503.24847609
10620502.9190897
10767414.5305246
12350859.8425804
7112284.23562608
10915089.4341989
17722879.7004173
6678301.77670486
7451878.45080021
11219503.0399704
10566144.0757883
13987529.8666007
5937249.79606502
11613889.150439
7687015.06044579
7669441.27189611
12287464.7563621
13059373.1341785
5228169.18760488
6141953.3022491
6682533.51433785
7881328.64240521
8675734.00601805
6220211.5520793
9854689.14004896
7750389.07762625
11897321.1206573
24468420.1085261
6845023.50680219
7170533.60875835
11046692.541797
6964641.79977282
7850426.81754297
7365059.47665732
11345686.3810791
37882757.033762
10918301.3419997
24179066.8830656
6781958.58847104
10926081.8246064
6560918.49559874
8857743.97890533
6784034.52910891
6567334.24906543
10993692.4224068
9108621.53600042
8053366.18809893
6469604.19909824
16230364.8884801
7841317.32841109
5971500.52839529
21882353.9573614
6989523.73729131
5937425.19920411
10529194.5311584
36366054.5119198
16065984.1012199
13343641.9941819
7046568.60405208
5596272.69938022
6652723.32635145
10150277.2060501
7436163.13213312
6401342.81196474
6785902.64006979
8864564.95248753
8269715.33991186
9514742.42878157
6635876.61431296
11584752.5204916
5718502.23705341
6617156.12625171
21295543.757368
35418425.6548053
6455989.53767244
10675655.7342105
9113278.87545233
8831696.40879632
10266785.1267783
7671610.21465278
7411309.104337
7160184.70408063
13263809.9992828
11661507.133062
6477211.62341415
9279456.26118868
7769883.40471347
9188391.32152617
8911143.07426988
9533037.75466466
9070785.43171468
6820090.06038099
9500282.33828211
7659657.40929915
6506253.25095214
8176991.18195829
8883378.98616143
4984246.43669977
6796150.27219444
7643473.2604917
8488947.77542159
6795561.2175278
5925079.17407199
6732317.71298981
7634372.82545589
7269224.36453237
6522087.41282778
10096212.4157293
12579760.6389067
10174052.6135588
9706047.01343816
7704885.97948904
8287585.6457988
11107117.8843975
7042875.63289667
5668569.41027228
8814946.55095661
10555816.6914968
9706068.06515238
9274890.12466548
6205597.56076067
11314310.0539452
14319942.0879437
9204039.79502138
7335385.79938606
17928879.4385248
7138037.79100875
8743491.47119249
9075019.05071647
7125797.42282069
21033367.3406845
8145355.10678636
8755202.82970784
18969920.4777593
7887114.2135429
6488925.87884164
8391971.60396522
8920159.43687198
8277447.83765184
7490767.92999937
5976717.30392519
7216337.6088715
12429433.9452434
5997077.41541286
9524401.61287741
6825000.60911059
5633808.34337256
5017770.8124444
10539526.9970309
7318082.43520774
10338754.5558208
7620301.79991536
20331090.91207
8772267.17911084
7394525.89218225
6977660.56041763
5021939.9245645
6297717.45202762
11611211.3213187
17338620.4997263
8549733.19041927
9463394.60207386
9546915.39468942
8555707.93688239
10146393.2005484
6201540.04313877
6346442.96653068
7324613.38833936
6327211.46762853
10636572.1592832
7223697.88246316
4985672.51090846
8179932.40842588
13262462.4227292
6683020.76235374
6365054.71012462
7549393.30498122
7837640.2518629
7836910.28105844
8954147.37853174
14394667.4356578
8524087.18246428
18310371.3247781
7814111.39052952
5980889.23765557
21179844.5002527
11791316.7654765
7354306.86624726
11686780.53407
5125903.91950991
6398215.75717813
8442840.86985896
9638294.03598818
7128659.60816446
7432520.35630117
7010246.98962761
4930868.88317801
9185555.48572538
6679925.51424412
15005086.7747772
5940981.09949642
7169790.96716343
5171745.4450907
10246163.2904416
6987962.48652324
7228346.3464442
7864352.66261848
7170966.73097023
12882440.9391211
7097066.0042617
6772870.67514976
7977587.66895454
13972091.5071398
7005947.39310833
11369879.9741462
6849680.02042412
10404072.827014
5172408.66950442
9225863.34783074
12307233.2784111
9254696.18626723
23660370.2003312
8069673.63255229
8662562.10831786
9470026.95193242
9031258.01427196
8978561.03482153
7322549.99883691
14204431.2310034
7467123.47575287
7277671.92231632
10887761.9782321
5701705.05606604
6668645.7127623
7328240.1648273
10756037.5349204
8219080.48880062
7011681.39526661
5959440.93104096
12335426.3898693
7864255.12168142
21170558.891655
8560124.31400217
14794190.82669
7757772.87483354
11149338.8100791
8766250.03081156
8303506.2641445
6683105.25945089
7594710.19058428
8428328.30756228
15119286.4113157
6878710.17260292
8952371.74170302
10048459.1761525
7541289.48991435
13227013.8588057
6782702.86875364
9273370.78664386
9977657.69478934
6811298.77336987
9713374.17954699
10576893.9990781
9877605.42660928
8674286.77956585
7068942.41775584
8973829.79881144
7253374.46664295
6599387.16245011
8253782.41789156
6595171.06367939
6618890.42417589
9538355.96718412
8763704.0947131
10819336.5550106
18704799.5248444
10076647.6428417
6517882.44639459
9231778.92701512
10262878.7981924
6065154.19724145
5677895.88046492
11809432.217894
9037880.24987711
6063169.98317681
9662009.23544586
6724192.65268869
11578995.9291537
5320667.74334088
5285651.75572819
6593452.37303788
7392891.22088978
12006813.8730656
10313024.271927
6469320.49020731
9867260.31791922
11869824.1918134
5712810.9177995
6630245.42360742
7789626.5018987
8753512.08027068
8752103.56519888
10890784.2066683
8106006.99159992
8076686.95138194
10577713.5138789
11686861.8863514
6349801.7673989
8171201.85325048
18238209.8804069
8274335.63425482
15297077.3296996
7022123.01465657
9385743.08713822
5770097.08176607
10459423.4729052
8839768.50427561
8326913.18883489
9890709.21883691
5040627.70364946
15902904.3413291
14336884.7761107
8318728.15420923
6393352.86000785
7067504.76195272
7876384.6094007
22268195.0164885
7736595.45450279
12231536.8209288
9774365.95093914
6328317.46428789
7355402.73831661
6038174.51536179
10720119.5222341
9256869.94016368
6640801.86390844
10012047.3959427
5268835.73007951
11231504.9012108
6511297.29369102
7734849.83707556
6846897.29826216
23718894.091889
9031694.62502233
8469702.14044031
37654213.4611573
18137649.9215045
9797517.3328258
10325094.0912891
9027410.36285273
11490126.794239
9073808.02179825
7792923.09918447
6014208.62121591
10619169.6222357
8089587.3589597
8232247.86379449
22699857.7025216
6349095.15917474
11336018.9954909
9752200.30618421
6986393.87864793
18332776.4540622
5933754.96478013
6252984.70661551
8655257.25461969
14306481.0143258
6451890.9603219
24795457.1140191
8940652.90037718
8559810.33253007
9229602.44812332
6726195.46997057
6633067.97624682
8226556.0506556
5912639.87851551
8138262.95631188
11263401.9801531
6606840.28298075
11430844.986569
7383144.13097307
7616880.27397836
25402654.9603626
9368810.44657231
9507871.82311391
8813498.50605169
8574612.75352287
5958754.0945745
8320023.13735435
13592054.9895998
11284999.2936963
16271928.2849733
8377159.11874328
9386263.38563319
9458994.97818766
8468677.51248829
7263099.74715194
10443544.7560779
5443608.72684457
9673033.29285181
6916167.68985405
8923357.54390886
11479632.6265458
10256317.1664151
15078065.5507998
14782447.4907138
14812689.2572643
9993711.49002082
6678392.82126229
6393175.58442429
11040974.3675369
6975746.40774957
10214583.0344286
11670474.0800551
8881496.43701813
17587945.7068111
12532224.5588358
10874342.4842428
11501627.4345633
6467357.13824512
7497250.79808434
7687990.05834996
27658513.5481282
14337902.2375718
6167440.03993312
6449901.92675191
11140216.1813227
10402575.4270967
7944054.45550908
8321932.52480688
6860193.6165806
9754560.6376317
6704139.1430389
7983220.47699995
5840166.57516635
8253850.45132415
15198828.1355221
6279421.77430035
6285134.21088692
7881448.72801912
5685722.36205668
8871606.42071252
8709426.39559868
8845483.7367616
5946045.9018787
12579479.1688325
7529310.36805612
9340600.23677361
6386840.0139008
8109535.73561758
8656879.69086037
11499184.7775642
7634729.37140994
22565582.7365999
8511862.68283931
7678341.09102367
8698348.39608607
7251742.48072783
7905625.27814337
10188124.8300713
6510918.44464124
9231400.07244432
7388664.37127188
9671354.85715149
7559080.01716349
8848115.75411789
12569751.6607689
12009983.7111395
6289714.19356982
8068136.03818715
9568483.80240066
7625103.2356406
6885897.32225596
10158165.782758
6757472.19716675
6186515.84394594
6410225.0437187
5595536.35456459
17606526.301399
7239851.12721542
11168570.1993173
14692692.9416599
6182310.91301008
8390158.92279416
8754900.00188482
6252283.11313183
9002093.59422174
7721996.10896219
8789027.93630977
6218364.26304032
6219045.14494065
6096753.01986422
7021864.1741907
13106336.599823
12254385.7504606
6834598.19726119
6583202.79365178
5483058.43896063
10468277.5585396
8215786.90546341
8531618.70380628
8525084.17997337
9641404.36121033
5973084.47670491
7510991.17806323
12243386.1650188
7508144.22633397
10210342.7613224
12956860.4623739
8956448.5210725
6793932.58120922
5908082.93278805
7788528.15263765
5124904.64991704
14422532.9787239
7590251.61091203
7128349.04445103
10612227.8235604
10245874.8166193
8331503.15481038
11359136.4993009
11193782.7725786
19590496.1279068
7261332.07388194
14785471.2474088
7807438.59894916
7811322.73519154
8997676.84542647
6188693.62435254
6983283.67014119
7135513.89371465
7576066.21252604
14141178.4510634
8842276.01459509
5256618.71046294
10519752.6646169
10027001.7154826
10293550.08133
9106450.47493701
8703414.53538788
6283895.13778617
7096474.84392323
12438438.9622025
8341935.60531483
9565830.50138976
7640018.12987032
7376435.11013961
6536685.56719638
7670938.04466464
4666202.54477432
10398059.1425061
8925383.27073386
21103176.5155379
8623391.09658741
13575392.3012484
9038470.90446625
7246254.62657627
7811242.60207911
8252597.1184489
11586080.6318464
11368472.9151234
11602053.5961457
6796655.53810509
15736580.0706939
9394799.36679409
6320836.47116487
6657189.96481915
8695793.88794508
20575334.4975794
8125656.37891816
6362609.68369559
13660138.3468425
5732270.79399411
9229476.88012986
6413296.51301609
4825947.96807378
11374725.3277462
6730519.36672385
11605482.7750631
8386531.21569525
15483792.6524331
10335638.8230872
10202697.2891909
6600762.17746112
5559947.64594655
5866874.18698625
23925552.3558704
6257002.03095907
7109438.78700803
9435241.57745834
8179770.79342978
6193852.37018482
6642696.23828077
11277926.6376066
13859684.7024858
9625857.28076339
15473238.6368015
6395761.44546912
12014196.3415627
10734356.3212834
8238677.0541906
9771168.06540477
7143946.62311217
13997492.7243619
7671644.05855113
10223620.4738041
8575768.03485129
9257820.97591816
18855350.7482382
4902081.7535206
6939030.7271997
9814728.22185613
5337814.87812993
6090603.69039624
10234682.33458
9659590.0264637
7674728.45348911
8999850.9489211
4433866.16911786
9446099.5453328
7196802.59940605
12746771.4163095
11106057.5587645
9954199.11733201
6934799.50723684
6967599.58114021
8905293.52276535
12320933.5784023
6379759.29813154
11234797.2628959
14363180.9703224
8892038.4353009
12294622.3499465
8236555.55904554
12380597.2778283
6624204.25636399
5985232.92778399
9355636.63999836
5663213.47388936
5465171.14238859
5461530.39473756
8795848.00480615
8422625.86059819
14822022.5494681
7400748.27171274
18149955.5542171
8184125.75422341
6831283.65361082
10913284.2125318
7682045.3189447
6689429.46319395
7226720.33740324
10885827.3239736
8742020.03498485
9251294.16959747
6918576.89234987
6241319.73904699
6438745.23172022
12992229.8604075
10201546.4109054
7258580.37482234
6075871.30312236
9046400.26851871
7216109.17448033
14183728.1762899
8080117.63367073
8282465.71015484
11186682.3552455
20200265.1272436
7296999.36503733
7912187.37232859
14705711.9581789
13547536.5434892
5873684.96849659
6558549.85726746
9384138.57546115
7877442.71337259
12672162.282623
10385083.1464817
12596008.541189
11858208.6125067
12682463.1644825
9498099.37844263
9211468.71953955
12187293.3049202
9671237.56753551
12779333.0455526
6475211.70953312
12874162.6044122
7558870.94221911
7760973.21069113
8938200.57133565
5695663.64190968
12700122.458035
7198720.69855449
8207227.34098339
9862692.52945954
9749601.40324685
7805165.39013055
7633357.07035
7061278.81494246
8151409.14129677
14036871.0390623
8295899.35640517
7242927.74140623
7747957.68860786
7201814.10965232
10293994.3401202
7682797.55432407
8493498.51257725
6909694.90197443
12265258.9069793
10101435.6261464
8092379.86765438
5324189.645432
5447086.76779374
5993051.62074133
12806863.4459226
10050806.9824669
7374349.25097132
15898228.0234581
8236557.31954071
7877090.30822446
9683828.49838379
7582526.58882484
10966840.3103234
6050706.37612
7246675.65631334
9138731.06521461
6735599.21639136
6458915.31138495
9499236.82144918
10449594.4763509
8916999.33841985
7518177.5969438
10730611.6141481
11293106.5639769
7720018.6385492
8414474.81558363
19209683.7141713
6197155.03031679
7367964.70111792
9582274.08944794
6503623.96776201
7162735.24683068
8868423.62023785
8022836.19200095
9457030.3429201
6005387.07589344
10567887.5397347
13569588.517783
8917829.28561426
7438901.35875668
9521308.10847444
9159955.34836946
5885174.39754392
8484095.70518363
8419937.31526092
36133562.9254975
7324763.32888233
9132752.68195396
10692319.401261
7045950.87501154
10977073.2837417
7991780.69136738
8520124.19804386
10692902.1468179
9116559.51843392
7891830.83630363
7833952.93301832
8774729.28148091
8784618.61789738
7118183.297536
5409674.26649715
14801684.0469288
7659280.65115135
6406842.43976837
12894684.6342467
22829825.0511455
7234287.79009763
25427889.104053
6190135.2825957
13140277.3361519
13728469.8633287
11263756.4091009
9285960.98942074
11849590.3886227
7623022.65656987
16297950.7468604
8548698.28421439
9413292.17864786
8173575.04097709
11991195.7090169
8617229.31076815
14937733.368486
9681729.05684456
9219173.77395893
12197753.278642
9964047.62481143
10622614.093922
6268815.56736704
8263429.03385511
7872101.05420165
8183429.36336429
6185316.52562889
6862005.12901854
10895666.6830904
8409953.2794275
6792800.79124498
7282495.19717378
9206754.03234525
9774375.72556435
6113527.90727926
7783418.96705495
6759641.43450844
9005384.45007022
7032161.94573005
9004068.82814405
5648892.50684082
9331260.6636737
6416633.32838058
10670827.3283224
6869014.25490639
7567354.29450005
5902208.10855273
7904511.62894863
6428914.15743291
25498761.2455709
13932728.6645915
9915891.44726083
12870641.367801
6578108.67990125
9466018.55117001
6095313.12572557
15354986.6213219
12990736.7367798
7312800.81768933
6622490.41291172
9052049.321914
6954106.87949284
7766553.36757173
9511280.23658636
8423947.54052487
8556538.55543793
6547564.56813139
6871917.32564217
9871589.14209034
9624986.33936257
7034080.26125499
12383610.2786892
7691242.04416844
8338951.55152981
7408405.12578665
6479387.15112741
10684626.7217988
8520433.00506559
11576760.3212865
6508028.77461939
6767567.83520603
13612328.6425494
6021486.84147219
7492397.07399721
10883142.2739545
9934072.12771573
6488999.41056084
8942437.27558301
9740058.29614363
6990262.4718234
13314702.2310241
11791124.9273037
6353181.36960338
11023812.1567039
11615243.9833806
11257574.3472686
11669431.9774565
18741871.5557066
7344650.59131921
16862828.5258655
6425896.21575421
12356270.7452021
8435574.72975994
5914109.32377995
6903508.09537073
7736981.56795977
9147139.18540877
12711324.214615
9804350.60923133
6972888.7539001
11456605.9837124
8775007.05158092
7615413.23162274
6401695.05825339
8214574.60127217
9655334.55710462
11471638.8182439
13175987.5358275
8663836.31288907
5211430.62040439
12835045.9637608
6279047.07374054
7040135.7110889
7041320.25420388
10744370.9950155
5727709.33768436
13997128.7783896
7262859.48539
7710124.3543721
12284415.6319821
14183957.8033996
6087715.58465007
10407434.1918947
20865946.5927219
7484899.23970607
9735705.77713011
4779494.57014436
10576583.6062103
8455279.63938697
14479027.4105525
11414327.6336479
7636960.97584108
8143426.99835264
6086594.81224501
13718516.4037922
9631577.13175176
8254736.88934138
33674426.0373086
9265896.3516607
15291613.5017992
9617854.28494671
15363563.3720162
13403982.8434853
7943924.23875378
10331104.7075229
13622863.9031892
10761491.9875907
7404399.07770112
7242739.05207544
7833552.35310279
8120980.21639025
8465251.82698862
5675598.58421089
12707242.2247057
10634500.8322743
7542476.68090399
6584215.42737102
6174380.61267659
5278014.56333913
26334183.1405293
33184148.5621891
6824447.75127563
6583952.52440332
9397274.08339042
9905751.25180484
7627175.28870975
7309756.36685138
14479335.0270926
10003350.9395076
5760009.81825489
14426878.5034318
13743185.127349
11381159.7308946
5044908.94282817
8796688.08804336
11246316.6444771
9959800.52025331
10628334.2655081
7557851.00393499
9519944.88959516
7500651.48399037
8542140.58627386
8050681.97305907
8440583.69079923
9984915.05006012
6446440.56303863
6943439.26940002
15990008.5376448
6529333.66701578
8582597.59948437
12207357.6412025
6996336.30491859
8879669.21298033
9763905.6032274
6309258.86825711
7287902.92218186
6156292.93031314
9646363.03263586
6154339.55267031
10735374.0111191
8167146.32535247
15056012.6581854
6672006.33591129
14465241.0525517
9933089.31050449
10732934.8953744
6203024.43717565
6688672.25994693
9394833.86841381
7683131.34712742
13243526.7562453
10615036.1362322
9854958.86883155
11011290.3683807
16558239.4618269
5622502.05898977
7025469.03865859
8119026.86646884
14449117.5528839
7388436.38694489
10775595.2118436
11857293.0509054
8828933.64662823
21196515.8157644
12436539.8290513
8039265.24662329
7853493.39081339
5265155.6539718
6797475.56237227
15359985.1402132
7254809.84210837
10049288.3036797
11059716.8278143
6269796.41765253
12462845.7597899
11213000.5879255
12519274.2651502
7893252.23003319
7010518.06320848
5631160.14038287
9344884.46284081
9763909.43918946
11186754.4271441
8161690.2502464
9916370.93911079
8602389.38994461
5839715.64148213
5138398.96306436
6661852.76932648
9761806.90128028
8684138.54784005
16573320.1937366
11810072.8831757
7197123.75890082
6978774.41699105
13545916.3859838
8400366.52504467
11319653.2859133
6006741.9325648
8028547.6325985
7587267.11420307
12723834.9579225
10308830.3323514
7623013.1816122
5919082.18141207
7959716.06446737
8040902.13237971
7096325.68551017
7430006.22365784
6517351.86459176
6283452.73070004
15557611.7479783
8271879.57538382
10208730.0366078
14729372.6821034
6826540.13446524
11936682.3219649
9561373.88365934
5148167.82048685
6499454.91657029
6457559.47141515
9158588.39892397
13538928.3628932
9675307.86144094
5952458.98492189
15570199.0684813
5988447.93809606
8370359.15940399
20299592.8457545
10556616.1951043
8120002.44115864
8457891.42963654
8437086.64555392
6647382.86766796
15855124.2424715
9559708.34700716
7390595.99952789
6966358.19178614
5064585.40915675
8572440.87161696
9704736.6425335
5496944.07089651
7973683.60235692
8253038.78124026
7706256.3963752
7410807.23384888
7171393.41728978
9686336.69492376
8388284.49272273
11497196.1169747
9305964.49647934
9849530.389482
9228447.58052173
6635673.62790255
7040683.25886034
5785079.81212666
8159959.22615026
17357867.4772673
14860040.1263477
5276580.54957516
24728210.3205058
8046990.6715752
9753677.69053834
8127591.76594761
12457752.7658725
9685778.1051452
8644627.28925737
5900564.24479716
8415304.43671487
9274164.14787289
6129602.02495129
11519836.0851974
8711550.35024142
5637610.37856391
7891520.10926291
6874831.71629244
7088869.51771966
8466421.42442257
7844217.73603869
7897411.39641734
6635583.39517874
7297872.78100051
5517956.12131184
6036099.38907718
15362603.9126925
11012004.1621851
6899166.13721514
7551722.15398877
14266139.9853533
8657316.16288186
15458009.3030579
14951511.2933477
6787538.84274848
5841093.40523931
6689279.60021242
7856553.12001082
7766642.47381632
9829600.56259518
9559842.84592173
7793760.33769912
14444420.4545884
15797094.0062781
14913138.5770822
11835140.090558
8220932.89436939
11666546.9525897
8301783.24281849
5366690.39033231
8463031.39066488
11972496.7754015
7352643.85751166
11813207.3990171
7488022.13152551
11142627.2004469
8312052.05253023
12990796.56481
7809809.75591619
14909205.9481904
19190801.0304916
6539514.51818951
7964008.3548256
8639323.04066617
17463296.7914617
6645063.38562852
8996749.11994969
10143768.2651319
10972401.105498
9377469.86828664
13081533.190741
9094219.75618857
5348521.31859487
8166116.13438311
7304371.16375961
8684134.56202141
6137537.38722029
8400662.77324559
11835134.5851807
6862013.62367145
9447306.88814097
12046342.1498037
10465443.8252648
7915047.76693738
7877769.60963137
8848738.85360747
7683612.33181361
9021215.75819275
15684502.4916893
7845907.55197588
10867241.9561592
6346980.34253842
29570845.8817625
10062024.1969731
14905131.1758482
7479365.43722361
6934369.85748159
6382530.36014991
7576326.0328989
6500837.70421028
6776177.14389177
8495098.77508394
26043448.7990303
9467766.02161492
8925913.99867333
9467935.84272725
9667138.20654247
6198652.08512928
7004765.8812472
9042098.12772284
14803805.6151582
6808146.28032294
7094241.71043095
13076430.7477682
13253094.7764577
7099603.73933867
26081048.5835868
7521348.19513802
8771956.44680737
5587509.0390684
7487299.71434648
10075751.0718226
6866874.3051393
7961497.25658801
7459475.94966836
8508026.30710992
10677955.4678056
6029463.59116423
8234007.86958577
8159215.67535858
6892136.41473083
10228870.7320328
10861296.1913185
6226758.84446966
9120949.28174292
14939227.5093054
6515563.03553085
24738163.9796063
7176953.34024552
7142065.91337418
12936592.6829771
9396183.82695216
9630722.96602921
8264319.76652471
7020079.44294557
15093701.2689353
6823008.81985817
7500861.21547164
6732418.62003136
10868239.355446
6889910.70557412
7304615.99815229
9179189.41983424
11535238.164302
5674536.69117013
7209286.43436401
5235687.2459163
12377293.984977
6754553.9000735
8037877.23977443
19479111.5922276
5233133.99978961
7702884.28349891
12954689.7818195
6491534.58387991
7131509.11227029
8349134.22504533
9225526.52152362
10943002.7544235
11650057.9573135
5977839.252302
15865539.2894651
15701179.6137653
21774167.2844657
19269026.7832914
9531136.51940916
6887266.81997798
8191023.47191557
5032538.19735712
8501889.45312301
5708215.1410221
5940126.19461912
6739383.66516033
12775240.0406336
5496804.73453418
5928144.51499289
6597452.13486648
5690046.85380149
6725684.6652348
6862437.35490165
6046580.35808879
13424227.1681885
7434533.64411755
7676769.43812694
9164297.11405577
6744444.16440017
30872384.8713012
6838179.36803169
15585243.5081006
9237875.63025196
7172555.8237199
6943074.9055335
10301594.4419596
6907176.6388811
8383494.45830416
14781529.1890951
15298476.1934823
7125739.79729015
9206042.4083465
7771621.17584679
6783186.94935502
6245416.42034806
10438634.2703347
6625849.63251092
8719309.50287721
6554132.74344799
9960890.96163225
11236654.4609617
9531836.78117457
8916747.22147014
12216246.7431315
7488072.2933892
14210549.7852724
11315465.7156206
7789373.59209699
10462334.7727492
9399357.03155764
27708921.8812731
10046398.4790789
10950377.7799251
7991423.63378519
7385561.90784475
9533154.93081799
4603925.55276107
9231903.88752115
10174914.7514853
8152702.65090086
10688853.1694194
8010130.30034046
9819132.50888523
7719351.98295554
6794614.95228027
10615313.1521395
9343929.63355727
8608318.41283466
6033481.38829937
9559141.26020699
8419276.66002131
6953046.57530916
6400259.66087022
6870979.17499402
5752610.57152143
7154915.87148347
6708736.94965308
7481932.92254653
9385830.95507951
7361911.48195999
7709762.875862
6073872.3087682
5103502.73275911
8401685.17075115
16590070.5470389
8229302.27245877
8338745.80231981
7240147.33543232
8354537.12518429
9275345.66702483
14269363.0331446
6718457.80307892
9844215.26217468
10704241.9700161
9861520.87777061
7991267.89380562
4964366.19283358
8550454.09048549
7098427.80018561
6856405.97774425
7562038.54088797
6089216.844234
5744098.60792128
9427183.0537394
7171181.68860683
9278557.39370013
10408201.2999752
8119721.08757366
16049137.9855031
10243169.240453
8407645.4203662
19258971.6535917
9369629.0128217
13350478.7360045
10665445.7528707
14504096.8077674
7685772.38914118
10839937.039895
10107792.7809688
9598453.36432951
7776066.40474831
10371625.529715
7569141.70116915
6256623.34681547
16959591.3985762
6588373.40730867
11826070.5410236
6360665.08987998
6984406.49063583
5815092.91921805
8393990.12120326
5156297.13357173
7679389.5154034
15833273.6115024
7099318.18284156
8454344.13356231
7228676.88158745
13882336.4803052
5486210.70708624
12392259.2745156
8866186.6742467
11216902.8239435
10690840.8647353
9148746.98054358
6158611.9007021
5584736.3841839
5801623.45246168
20656088.673546
19491622.8233575
14202774.9319629
8238819.7532586
8041712.05625321
7915293.14736984
6436290.25787388
7893415.30710128
9913890.18535038
7785961.55227585
5822841.11111485
7913245.74596551
10678467.6127295
10877669.0322789
31166545.2828271
6757857.89537207
9642256.68153972
9961445.57816232
10213029.7887683
7211230.98154299
7577204.57032989
11205012.8240796
7237013.46780212
8054041.65174096
7559461.60452968
11134280.9720798
9032519.78659585
7183521.39117133
12028577.2761939
9568260.63634374
7409138.81596905
8253477.93241855
7824622.07726387
7754930.63541321
7440784.44541156
7380171.62552567
7845969.11051873
7475422.39018283
7253515.7106406
7394320.35777207
20659062.1923992
7866441.07033162
7513752.49736852
6143052.14747018
7990633.38309343
11123511.6778499
8182161.1785071
8156166.00382145
6247982.48848914
8196608.99659663
9475390.02874383
7423993.10818885
9744414.98809223
7366559.24278049
8431715.75043869
8428186.07284397
7502271.58048088
11396274.2186994
8884670.07715677
13513962.8133728
6120770.74782818
6835588.07049481
9225960.87624647
5921498.29680491
7802493.06231421
20855368.103196
6212095.97933063
10794516.0149002
11061668.5376694
11131950.6310557
11780372.7478995
6224569.81126402
5941346.85147227
8340835.00094925
12071569.6639173
8030530.79722712
6624824.25715984
4836475.72395235
6229720.16822976
7699471.2981097
7796657.49838726
8546454.52539216
7850980.80794186
10599241.078672
7096349.52634237
10193510.1371259
8781680.46270783
9881481.47402279
7426826.47379563
5568901.20903143
8532860.33656571
15509709.1091303
7019088.94372611
15931387.3769522
7195325.53611169
7583227.17020987
8639100.23089653
7233282.36058113
7711135.70693655
6377028.68704994
9109575.63525087
5466576.42247328
7823641.40297732
6888994.93539543
7710008.57354945
7165137.1673484
9724023.98008622
12057229.8377892
5925063.629977
6915908.76913817
8034507.28439336
10867918.8238897
10102837.1384327
9908234.13663434
11456544.0377213
9474025.43114476
6340980.55270799
7406914.12584491
7190584.76764891
5418478.69336374
7363299.94951572
15952286.4805049
13288584.5256628
8814772.14019859
9039491.48716201
6073419.96873381
9001247.83344433
10528976.7020709
7758694.25637772
11570679.1775363
5061889.23979055
13982043.6167305
5732386.93889061
6650095.63313493
6527528.4811708
7615455.16974428
6662178.6538312
8576593.27479965
6479213.22862432
11598314.8187978
6735546.57875924
6269332.33706503
11449779.7666369
11620371.0305479
6256559.02376905
6685499.8431317
6017034.76289009
8978811.31880891
7504980.1483502
8490677.08294847
25449382.3631402
7251342.87868863
11429621.7394506
6287104.43148068
7534105.93842465
6585740.71282696
8268339.29056441
8452989.8704884
18564284.6054651
9008641.21911811
8420551.88477791
8173992.39104589
5927706.69967416
6256689.0616902
7422488.08650998
6630266.86174553
7348560.77844793
32883461.5549609
7280543.28983852
8163493.08210956
7197814.9656397
8039673.57382675
9618762.84497689
9890350.32117683
10406028.2736476
8484899.36988652
7664508.16364518
10479352.2152722
7427872.4460845
8666717.73584301
11881184.0691479
16082632.925497
5651507.71525095
13604497.9541279
7291726.79432988
8297208.34262634
8830539.47625638
14304808.750268
10365599.644124
8444080.28007182
10325511.7614281
7049756.64139118
11012612.4523564
10943326.164758
6968505.10139593
9749015.45664088
8612674.42516544
11132281.1099703
7538122.8592147
6105077.79517423
9063038.94512308
7976753.21047111
5528931.94596048
8868061.02518505
8368598.37977798
10280797.2531602
12440178.9677029
7292924.56401522
8008249.06957949
8135718.41265163
6780668.49889857
11141529.5696408
6883767.34112792
11642768.8486015
16616666.0459889
9351548.96303083
10180738.1341845
7334975.30776988
12810328.8812215
7101432.89364184
8800485.22157896
11213424.5538745
9549386.82241939
6399435.84369943
12634911.2047696
9314478.50655303
10109921.8559241
7014848.58210791
6981612.00972051
7805156.23351264
30033512.7570056
16084626.8358408
5436939.00918566
11100205.1327305
7099557.64716998
12918591.37583
9632844.21386608
8640901.80710311
8676402.763773
9410301.467433
7069030.96456473
9160656.12626293
6905700.75912148
7885151.40638951
9730322.05446663
6413473.0802719
10988146.3648609
10483116.3989263
6530227.47515832
7632525.1801324
9084469.63454636
6411877.51004123
6773707.7737258
5620616.47298599
7875599.81656276
6058499.25915845
7422767.29242255
8611374.03569433
7848751.81837042
11414761.1995209
7817647.50560268
12838787.5799866
7534282.29049849
9106448.19848318
6735026.28206098
10431812.1394466
6987262.08543426
8280554.71811975
8886146.70941095
10663471.6977631
7064174.84913184
6868054.76455631
10140644.3151727
6796818.35884517
13034255.8520521
9234099.96552997
8054116.61585608
12304467.4790446
10949646.9863139
8181281.31304493
9316738.94316335
8295362.79338992
11033216.7875411
7342055.45184986
11052125.0125306
7524727.38302983
7484829.74167124
17055591.6979612
7706440.12538987
9133785.61563478
5868658.78568937
9929850.90619493
14666493.048252
16366410.4866004
8966421.82465923
7642667.5816842
5725889.05011859
7622216.03157734
13098717.9585057
6484368.31646406
7980392.17079981
10935186.3454129
6684241.4143119
11395097.6168552
6743982.84418029
5515322.88602354
34199217.6558831
6601127.72921817
8805549.25790736
11133637.9679232
16052993.8887857
12292975.2208624
9003067.48303621
9955991.26820289
6937481.33173908
8653727.91559054
8213757.30094923
8321889.81849637
5858162.21523606
8448834.67626347
10075235.4801944
16425478.8356369
6049764.48382452
10941498.8502271
8922443.11236372
7075211.5311608
7585714.4046802
6445719.07784213
6717110.37806486
7135931.86684087
6886074.70217504
6750313.84537801
10203283.7982806
7789438.1965447
13592352.8549429
10238059.2091435
9940830.25078762
5936220.98424285
8639730.12215803
9467516.89877876
9639085.62198517
6400160.45378993
9055921.67782185
5831100.44678494
8270201.16018648
7471599.83233507
10014132.1873839
9975622.61941418
15937736.4982635
13732094.4140384
8092351.57002205
8954678.54031782
15637959.1159546
9753407.70189615
8571139.37844053
19794407.0442061
8268151.55071721
7310508.03697377
9258358.44233141
6448012.26594781
14252500.6656015
11797824.9115742
14579192.7947826
9321094.13623556
7324015.72757228
15066567.1573161
11130568.4688014
9259215.60574931
7195080.16327784
5945512.10325324
8685937.57455157
5353709.63194788
9928347.0916751
9383265.23395287
6402133.46265319
8030905.21228506
6055550.72612911
12667390.2291061
6119408.98367664
4646160.10701594
7679905.7652918
18537548.6490619
5777626.46129919
12035664.9643279
11095531.6484442
7916361.94253094
6560873.38699911
12587289.4692246
8225721.52410006
9294662.19248133
7115866.13292441
8995824.55408
7250905.92247588
6786816.88930138
14612763.4376416
6207645.78578898
7744407.97197137
9913933.62683114
8268419.89794842
8523577.12822986
7587211.4699467
10371591.8637897
24835752.9469239
9287631.24371926
14128680.4915258
7361704.31059909
10786894.0966611
6015965.19445887
8601484.38425727
8835486.67555834
6578609.07865212
8729930.91117432
7091637.89120387
7998642.31341659
5881892.11470651
7540081.30960501
10722213.5893397
8419402.18170047
5119190.16799449
14315907.9832818
7887818.37582948
6970057.83134666
6926403.16883152
7552831.12320755
7900414.29983704
7341783.1182699
21448878.2915566
10591348.3937542
14246436.4482314
7424281.08230393
9641144.94224321
7705508.32839955
10526349.8119308
6953838.77758301
9442305.50626619
5490211.41062045
6775692.65201195
6444016.35218851
10879025.4680881
10242046.4983668
5009322.81438656
8024888.67013952
7449928.48513104
5911711.18016976
10409153.3617331
5430316.17585392
12060144.5056319
7644352.72973326
7635286.59238866
6856477.89167118
8331800.863898
9033209.30490132
9453809.19521757
11468865.3304701
7826173.18334163
7405882.01888599
9123066.46126891
8355084.31604601
6440627.94599474
5947304.52248269
8880523.2791485
7563853.51239933
10863866.8056112
7297433.72733354
12149803.7184614
14069349.8521285
8708274.58041815
7056534.39459844
9401141.30957046
9287854.97207959
7577070.37051598
6919842.30487004
8533462.23384806
15492508.3581338
7454971.24290115
16116468.976154
9688070.25705084
5333024.01886595
18243441.227619
10864104.6054252
11852490.7094363
6960044.74611073
8544887.77502192
12372656.2744782
25651944.4161691
8216878.97593375
6400934.54478268
5955152.10062684
7566733.40627984
19522621.4305651
7351094.79294471
9632917.15399825
15258967.0919081
7534233.78996557
6955592.15034342
6689289.53630136
15138785.9277811
8370774.95885681
6090222.13568895
7960179.30986002
11284100.0354342
7563793.71289958
8381477.62644327
13037611.4551135
9587018.87709757
6645209.48394278
10375085.9826121
5672465.06904076
13811255.3654252
13774814.0158411
23672925.0735477
9395137.26002868
6975877.77832846
6711661.58703636
13920179.7986917
5543287.6778108
11755824.8245288
9670752.75851282
7447911.39894971
11854909.310661
12490112.1685579
7721042.91546863
10423812.3807951
14696524.2258427
10348569.2969293
7188253.23043005
7453519.76720626
6920659.03196431
8059564.14728878
6356627.29618969
8714392.88060446
7589531.97439218
10495359.8089458
4760707.17778404
7794603.1396575
16784081.6657397
8078901.67739362
7744313.45188353
9730944.05189032
7750065.34200579
12861740.7411757
6774475.36397433
11585737.3430646
8958031.83231368
12050468.5118098
7049946.78390793
8316871.90768427
6498634.46833123
9341607.36575038
21190376.2317669
7287822.46991734
6703081.00796765
14726231.1893048
7343658.67415632
8517556.44474032
11982121.8103489
5987769.66768549
7285229.37258654
10295976.9233691
7823752.34799332
5194758.59637363
17829156.0842198
17541186.3337429
5750833.49656213
9483881.31705246
8291234.22460705
12194565.9127663
17524965.9848402
9247364.58221898
43744146.8480609
8564159.48001533
8318972.17321013
6822595.17972292
10921319.9725035
6839216.91348001
22600795.1571703
11042890.3022168
9463792.97567024
12665893.1143771
7118595.82950234
9156108.77877905
15833330.6024463
7204952.1843488
5644138.4961262
9099851.96924751
10550236.4829746
11947593.9881944
6950835.91204922
9105427.1724218
17525261.3840605
10076861.4479686
11091782.3163276
9318804.50392245
7994799.16509777
12969883.1545289
5702054.77175528
8299590.95112392
8086629.33189471
5224743.39352285
9284829.65733064
6623969.41497918
8328398.9886498
6918289.19033084
7314328.0545518
8867787.63020596
8530479.18909867
6683068.67956784
10463701.594781
6480525.06864845
8069254.56591518
14051790.1439849
8331482.20231547
13411816.0571769
13310138.22816
8139780.3510311
6577339.90190628
10193404.849908
6441790.30987754
10375991.2664165
14136828.8233886
9203148.06860025
7885184.14219981
9511725.07799999
5925385.2551137
8179710.49714048
6786403.859905
32006435.4769109
13245953.6194496
8973682.17602903
7224702.62915689
12470544.0432379
9101534.20379144
5584049.41813351
7224269.3135278
6432461.9525314
6877621.10851631
7527970.29507779
6881832.58472812
7901715.46974913
14383553.0216352
8051130.87414736
7112378.56345335
12146452.0437137
14892189.2173684
34850985.6884015
8842897.35317676
7764971.44084315
8611361.78145525
8713254.02942496
5812431.61517553
9503416.83704241
6259999.4575703
6904849.95899287
15801429.9727932
10233809.6934094
7850004.62834451
22879239.5440707
6005814.26219814
10540848.2731724
6665900.37069529
10094415.8605809
9086073.92683044
8618657.22696778
11251337.4759724
14456176.5482645
8973244.97705054
7950034.32476482
8402949.45983581
9229338.52185033
15335322.3412298
10158058.319514
6191581.964759
8388410.64629048
8059187.79498703
9511636.67426235
12199946.4950321
12110448.3749995
9960109.02307551
7173284.99849139
9030350.2549897
12549403.3853869
12649106.3403385
5314211.67022184
8505217.14926797
7103601.18765298
5001153.99214843
6779212.89023571
15721754.6360188
9660989.55128184
10280657.62612
10501072.3583813
6536739.9181092
7161090.34733715
6112204.7520859
9204846.91434709
13940511.1516845
14614350.5151716
7276662.43956803
8249493.96575656
7983765.15545137
6304875.17072275
8041969.28995476
12346078.8418035
6814461.19913949
10904823.1412104
8515663.8156519
5972633.90307141
7339851.30655159
11101804.7117102
8357324.23683328
6467879.34553972
7010749.98017791
7735003.41928821
13439357.6695579
7597964.27686698
7675149.79744481
13506651.6544397
13498791.7657262
10169022.9941797
7792050.90121019
5529503.86788183
11418091.5955318
9705061.73533845
8149436.02111215
6912306.83620821
18523423.3633428
7764694.53690552
10508279.0643154
16439987.4767635
6840838.66545414
10963990.0200067
7629679.65641936
7074688.89580977
5780679.07539254
8366197.15711418
7942171.1307324
8160582.17350248
5907813.12810649
10557936.3089774
7145901.61879997
7324538.2740203
7896768.30414503
12998113.2294971
11893413.0869537
6601634.6940106
8021679.06975815
7695478.24575677
7255066.08115408
7139475.60886386
14979916.4993918
13373934.7744805
5430056.85963496
5309458.18955789
7749807.60187386
10828802.1370377
29720457.3481872
9852092.92501959
8069057.32421661
9745605.92138111
14534446.554217
7761002.53269693
9387877.91312301
7147744.75138102
6321883.74494353
8547333.68543803
6689269.82062096
7225101.69038155
7862319.3233046
5909999.45817704
18088085.8525692
7222314.77550488
10120063.2390358
5716967.59172745
5615515.62781093
8200308.25064256
10479523.1076653
9877949.96758056
6648422.5519429
7498433.78126821
8388154.1330005
5644377.62109929
9685470.34034344
7547533.83827055
10045453.3133668
14671148.5239838
8319792.65140934
7770990.95929344
7289958.06020937
7828886.39080965
11060070.2035929
9233181.37696404
12365757.1162267
7526056.81201449
17774330.2608922
7800391.03567429
9909729.53006311
7802187.68934139
9613319.53245209
5805660.22312201
8716882.89541981
12508293.871139
6590890.82231854
10595707.6036627
8123004.75021865
7303525.94620962
6647032.19821651
9516784.1908058
11487147.8516658
5927395.74160991
7361761.09614886
27494933.9402618
8856484.60123958
9014085.87152866
14050231.0373059
19493477.3384706
8810207.02769159
9048016.35871738
5909501.95383236
6482306.26850748
6403249.99271739
13318169.4116248
5492431.32106318
12269988.7116282
9286286.03231897
9516470.34426861
5837877.84725826
7304895.09054518
6267357.72263202
10116869.2958863
8573715.61351053
7753708.26657475
6916802.80792235
6808890.28561525
10589632.0614614
10699803.2621993
7379581.88926294
13096523.1613833
8063470.94866045
8856120.03904346
8477447.96047394
13145715.7965194
12126025.2328108
8211227.06651994
6325948.03428326
10605998.6815466
6322875.44402276
18882971.5843703
7619346.74914359
15615367.1174038
9433594.50869914
6265974.49264236
7033476.32897655
8075172.97625491
14449571.6399392
8782474.38047157
8988859.38930779
18029601.7967784
6548097.23392445
7184247.83936778
9793243.01690839
7725282.00653053
12639390.3616822
7530864.45881437
8168261.15422306
11953916.4643822
14297111.3803343
7030588.80029794
6481198.76088529
6881371.452131
8393974.16080624
7065626.33740732
6457617.61617288
6986075.31772836
6909417.39680021
9441098.35380642
8755084.0880712
15326299.1793118
10203493.2214587
8415698.18119335
9923167.07251444
10151266.0062413
10600805.3884373
6519332.61987524
8130981.30924697
9661953.13230839
8271624.50245383
8707258.05905114
9437872.33164752
14344345.6489194
7157937.71420094
9589849.82878981
6823711.48388693
8095038.65876111
6425745.43689374
6283467.32655748
9368195.15307602
8863495.47782139
11328259.1090925
9096232.55426688
10248536.6416783
7008630.1218325
10072300.9628073
9440989.1433397
7413341.74986299
6202557.95210405
7991219.92860489
7531816.91140658
8007936.65665819
14614610.2045199
9503361.16311007
8432619.82918619
7412807.38404542
9476054.86481022
4906574.24282234
8692246.94232403
9471648.73924834
6482422.28787015
7155028.80493139
11042283.5972115
5576362.69087758
6583301.31945406
4685709.31165712
8445722.25959351
7409982.17055197
9884700.57864476
10190557.6105738
10548160.124529
7529086.21525459
7539275.90962352
8333758.76608972
10095519.3526206
28200104.7871005
7661022.98300871
17708663.313445
10195940.4529316
7903443.44880319
9293790.923118
7174876.02417218
6892390.61091287
9458740.47144415
8254824.59094446
10098889.9378054
7828865.99534803
8321366.57983503
9900581.07605804
6796113.49933084
13052270.6816335
8492598.79861872
8201694.06314984
9721696.52050406
9555040.14355947
6790766.90847099
7284536.37374284
8060218.4714802
17206860.5066751
10084084.0979226
7309745.28411504
5790764.50750493
7013725.60314849
7021437.94930438
7251275.45454803
7788128.06352677
8170349.05779127
9544425.27680203
14085020.0634615
10000766.8176878
7251873.24146661
13788978.8693825
6273898.12583592
6502780.39130378
7708193.69862105
12622787.6872885
6524651.25793008
9020041.09570874
8599854.49363847
6409806.63442565
13419561.6664517
7411750.70826797
10084127.9665882
8032196.53836475
5970531.3737683
5790860.9639945
5349597.68766667
7863612.34565563
15577238.9552412
8704443.04519307
5863891.24704745
10607991.2681075
8205276.30908849
9951048.16896581
8940697.69969399
6654078.21833082
8781164.00366934
6356449.66483576
8958246.72377134
11941728.2190591
14951871.7681954
7273607.88174379
11193426.2115276
7971965.67460273
11817768.3125691
6145980.97349817
18976842.8711833
7898783.22120362
6319985.82619922
9785697.38096705
17221846.2711466
9119575.94556385
15699166.4258504
5681154.66048825
11856835.4060769
6771324.66386662
7118620.65962394
9831651.00953522
10226378.6986756
11358129.9939934
20975823.4125502
9926110.25375137
6609678.58814097
8041805.28051145
8464477.41857985
11326557.7301909
7318625.44759647
12330377.2617826
8046926.95495595
8156207.99275886
7714373.1630285
6643835.69604812
9229175.15530171
6964663.32525061
5893432.76587718
5687544.42246509
20208350.2962136
6764328.12929599
6576880.19451668
8852063.87755454
6363211.47777624
13775236.8533625
5901449.96472297
9149989.59770575
13563296.4578001
7805406.70473412
11630520.4894214
7332239.32518484
8947308.23452409
8224564.89065296
5586558.2733566
7224981.27843909
17917222.1502983
9456073.15728755
16137567.2138161
9513379.21827913
9201719.04729903
7335850.91716845
7255677.98590435
7593467.39052025
7224153.22447985
13054893.7964018
10944983.0959229
7717662.52723668
13163111.4163693
7910480.70124954
9757322.14846653
7685504.29034547
9716535.05959468
7234682.89846432
16102471.3137212
8427796.19373911
7147010.86399789
6646757.85735368
11819514.7777375
9889727.96090547
7375478.44458164
7892735.59873954
10467127.6649273
9974820.72280204
8695923.00179112
7494124.14433018
8516399.81404841
9308379.27526192
7099845.23285017
15344428.6991963
7483505.39304391
9144904.21283207
8110437.37443933
6451433.29821904
10069234.8727946
11846287.3991307
18834535.3579013
15997725.4438364
8478482.3714398
6397505.95589198
6369347.99493913
12557366.4824933
6857321.92437404
8489719.46892325
6679363.57655281
10301064.5713172
6543913.66503118
7779112.02748822
8644514.1289714
7501298.6936814
9015936.93199448
10843686.6167306
8876653.64433707
7927109.82001801
6735730.45689213
10082922.4058014
9626681.90783967
9373732.54743311
8125921.35868199
6949617.41602731
13488281.5161623
10217672.0656356
7136372.60112685
6246361.00530451
7134366.00287892
9109497.8771841
11246369.6838055
5489000.16987557
6217967.09102081
10993209.9808755
9246033.48359393
6922104.50682714
7955351.0597271
6645091.99106288
10418193.2829012
7038153.64518922
6894691.96750181
10120831.8008563
7318424.82502503
6463000.85003189
10309433.4137718
9043935.82113492
4862910.47348207
7031010.74027171
7134392.42745951
8229308.51425677
9935491.54282309
6218163.7163023
8768981.3503659
10999314.4535964
9619692.27591735
9847242.67201403
13126355.4992725
7496395.12418319
8104217.47114525
4785075.64649525
6670603.48362726
6613282.76512185
5234597.68113948
8406934.79770346
9140657.15455556
8369320.86223769
5782702.81534821
9691491.29680179
11587652.3276682
8984410.3193965
7066071.48287589
7111090.03787983
8159259.71581058
11998852.3216089
8898850.45536248
13797563.1021235
9113546.48928894
7466289.39351362
7825329.41405983
10886739.9292208
9430978.56049303
8540716.04782091
10449023.3039617
7105373.81991376
12600895.6478789
7861154.52381593
8391762.85654762
7624582.50238323
6434206.02133706
7613863.04396302
6242080.14119236
9318394.1169823
7742150.19644601
9844686.93288298
14363738.6128109
6809893.67241266
7317517.39971624
5372498.21447335
8098011.94263734
9685825.92029541
7758574.70934434
6934527.18154491
7907554.47502813
9504409.06656357
11238302.4572839
10344182.0436503
7214440.38714509
8208893.69192741
12108415.4023756
15560236.8429096
14461594.0680007
7379942.29543464
9313563.1726136
8107350.94520422
9244548.83760413
9426822.71848617
8165931.86239826
7430674.24325682
6958062.3463703
17809285.9283817
9697621.18992911
6917244.16939903
7132117.40130633
14562289.1149694
6712865.60669414
19992822.0052776
9173008.94734034
6088024.5099405
6994067.79087923
9852078.01618698
8016197.30098872
6872721.18008455
8803585.33669953
21856595.5097284
6382481.30384187
4678838.39227113
6914458.76669705
10576048.7512277
11553995.6073535
8554315.8006402
9007110.94198208
11886134.9411711
7612194.29232192
16542399.3699664
11518875.2310917
20182369.8955532
8062127.04656081
6802975.3292186
6672222.56232848
7311626.23653332
7518983.10539637
6315533.88404113
7991750.32325392
9965312.83183984
26617523.6603568
8855017.880445
9117501.38420412
6772599.81798515
8539159.88093358
12373641.3393189
8896185.72184287
9493450.92610667
6216400.9670872
8197824.86754726
8565825.35605123
7726408.64747533
12389654.180238
6190504.29424112
9212596.50594195
25165066.2968393
6160464.23404232
13838833.4222933
7542628.52887873
6940524.5719835
7073138.16175047
9455973.35288351
6027380.56708434
9925836.81243123
6744270.82286573
5875898.83548732
17439171.1199076
10927478.3566184
5149018.48695523
10687607.4537829
10089968.0961329
15052542.1941666
25970899.1165891
10258726.6547938
9646070.79092105
7704552.70472559
6672108.14193717
7076258.7635953
8944201.04730343
7382460.77044225
4865400.56298701
9311239.65782913
9882837.58542764
7568215.82710837
18838459.4171789
7460310.51517233
4704597.20718759
6619170.08867406
9916368.10616648
20182087.9664076
7836888.37724505
22112055.7135297
7071343.37695882
11182757.5143128
5419884.332118
7521309.62962291
9599812.2828016
7912577.92742272
10569264.7449851
8746500.22364433
6438058.79578258
9326386.78797344
8709550.90078018
6396686.85365776
9057742.98866637
8358697.7050741
7294734.12637064
6542967.76633814
14488002.5064338
11293210.6968989
25215402.8399782
11240792.8877437
7600658.95466347
9007430.54485004
14168251.7408406
5912794.25587787
10700834.8782325
8090560.51707153
7138376.22621024
12027507.6363415
9531279.3879337
9291632.40167336
6847103.15540039
11052901.1602477
10003505.4810252
5588154.86694563
6300030.09436402
5767201.41391781
10030625.7709864
12895718.1501597
19720011.0884055
11183780.9049975
8728056.51530235
7130251.81902345
9106900.63947702
6023708.97273071
7444326.99435616
8736269.98911923
15892020.723014
5445351.45552801
9449056.66660292
7012069.24511778
6084520.96676572
6002634.6263208
11004761.2789678
8059249.72080278
7289481.33946665
8370137.21729436
6650649.10128083
10495160.0577304
5747210.22820936
7499606.26105902
11391214.0651383
6971808.94909442
9105596.54359713
10195598.8496943
12087215.9603201
10208422.3751271
6262478.6387438
9968519.13096291
6013977.02400495
8692755.01312983
10600737.8999627
5873295.23541841
11376654.7763603
8631491.28556917
8724265.08337638
7049820.03829018
11291375.9950096
8185117.26588032
8467202.04020667
9628579.46092892
7539239.79173166
6360112.9000738
11942314.2895502
9442339.97557894
14269472.4418407
15171470.4121434
9167364.20379182
7977120.30071738
7924874.81498047
10311983.3363125
11749493.7157588
10358093.3180187
9654108.51813976
8662415.31147786
6844572.82164512
10174981.002246
9417304.71810821
8117825.0863521
6563700.37341396
6988832.60368528
7546248.59212354
6878069.81422736
7179075.33502
6820398.51415744
9744610.87226769
7136314.93386599
21729867.4080549
16871730.8748802
5354704.02820134
20930195.6663337
6039838.68711087
23525386.1162244
9387532.12336549
9268287.21812475
8222056.99376649
6032490.67075129
10685730.8547666
5322339.50378275
6452600.01824487
7203651.22975128
6901703.64862233
7273962.7337582
12311034.6477251
6725872.13293557
5178004.20574467
13713803.7835397
10753131.678231
8534540.07683371
10586020.4639123
7263506.93950121
8780963.50855345
7685863.14880469
19930244.7485592
32714570.4777168
11682193.0892498
6008905.11640002
4733463.02218021
7369860.69457883
22299011.7644007
7663611.91070125
12218982.0528332
12621376.4792129
6699796.23706393
8427467.45066224
8233845.90604496
10069724.72314
10262503.5661197
6196755.05406646
8064506.2540515
13696614.1327468
4779316.75210819
9051961.57320855
6515660.66696774
7762293.99512011
8358367.43817496
17805166.8683912
8286296.23670737
11222007.5702632
6309875.12913004
14487511.0962548
16535237.0391087
15015058.3068242
10169358.490325
10965271.3671233
12590937.8319895
8004768.12921964
9676383.19152508
8753354.75901138
7447553.68353471
7865185.39381224
5783337.8996452
7515569.60279296
6331312.62408418
17329182.5262651
7864677.34530432
6749511.2561746
11165420.69003
7036355.34408721
7140310.81601628
8662595.91206325
11960453.9480279
6697472.49907431
7474038.91432553
11258988.3071078
8890351.5029956
8919721.85564358
15821689.0927119
5730947.64009332
20845667.7399416
8346875.30849983
7241067.73978073
17387010.449029
8889286.34236804
10353410.0729554
13666581.7725632
10222491.5683316
7042490.0860488
8580253.00069564
8898033.88494513
5812764.13614737
8849203.83961423
7195312.92821172
7725275.79593705
10394193.7408306
7717019.88449614
9520574.35764549
12055349.9870471
9962673.61804976
12291784.648848
17851282.454875
11455090.7127807
10346040.5049331
16275199.593596
7610838.93382034
6234628.31835027
8370589.0316105
20060773.8471671
6716502.72080992
18071459.3785376
8322545.76332788
8226114.64816457
5419930.39491207
7416106.77043156
7250404.5665103
8943114.04314125
6655207.92470079
10598265.3930677
7052325.78518304
7858840.07060027
10445070.6028569
10264585.1525773
13110143.8320126
8793802.21264362
9683161.40141922
10666628.9184054
11608016.3997363
4857468.80818935
11129617.1732185
11638688.2720661
15254714.8823152
4412533.22285112
14455624.9350572
11777577.0804982
6846803.35903399
9867783.15222085
5730061.29170793
8636974.28705852
16266026.117249
6524692.51150319
9332904.25683149
5981121.88063777
8334482.51709788
12884764.740004
13943098.2870561
5836831.27422103
10763517.5962698
12186452.1345654
10167266.24199
7592884.85415387
9803258.36740426
9038338.40544484
6113623.37164033
8937758.77352175
9125835.15987748
8382063.76754066
7390049.0835968
7256966.83349042
9518819.08123009
13789344.5751648
13547264.557318
8769838.73044857
32344297.2187469
8562566.6269414
14041405.4678335
32159492.4944761
6838117.57037892
8729293.92378782
6444303.44694179
17065391.9434669
9071771.05192144
8921337.86790635
9804534.55255545
9539864.820289
6793951.89339831
7952737.77371535
15832052.6270255
6972192.27351265
11554555.191062
8026164.03686149
9635831.09924295
8628678.71253719
7053882.77643857
4897916.39039894
7912255.3652898
6318555.26681759
7545738.99681544
15272372.7979676
7573357.68985857
6592605.65988882
20289902.1238342
28869225.898715
6146242.05392707
9589525.70492568
11166083.949561
16499764.6250301
15017494.6930797
5704041.55681242
6909879.50797522
7357946.20682106
8020219.13550036
7131001.23742756
23117750.2896724
15615214.8203395
6155854.82692515
9213373.38578516
7605665.38465543
11787417.865323
19004148.0730204
10008308.6148752
7827101.31551607
7327995.26151882
26090930.8092291
10622819.5023113
5082856.66254791
8775272.33840905
7311150.89616889
9536822.06425392
22139415.776972
13307628.2334887
10755630.6732367
6317491.67355553
12041437.0008968
5868250.25518931
12727924.1306094
7264110.12889338
8517598.8185908
16675368.8917446
9774240.67597621
14518408.4000496
15156516.6792518
12742360.8299784
14503254.8583036
10522967.3103286
8983483.88851473
8456260.82267083
13807599.9106161
9816265.84790577
11351836.3251559
8836016.3630545
12741637.4064995
17666931.9216906
9185754.17628941
10457011.2383918
6626990.79041891
7462204.89361857
7968847.30747565
10666955.0408392
6704660.53822612
9008376.61032817
10884013.089112
9790199.09218857
9022466.62044744
7155893.2071649
5843413.80296338
35229430.6968648
9526540.34030972
8674305.7737017
10906762.6085214
10248320.9061223
8508107.96801425
14060654.2169701
13195220.1658118
16066612.5801431
6424648.09026071
7349275.33814237
27838001.3814163
7571141.33815811
7350123.77519256
8694142.56169846
7404387.34145092
8346278.37287968
8081898.61625103
7048039.14282836
11849307.3300448
9165709.27565588
7825074.03676214
10232734.4060033
14878538.3174107
14104875.2914862
7713273.09338957
9809712.91085006
10469447.7961473
10155425.4813322
11080436.1204512
6545413.9555899
8932381.99301793
6264445.17746716
7176565.69246751
21100315.6077611
12407284.6445
8601611.58578179
9127164.63222912
5974293.00316927
8354782.7196599
6616004.31512653
10560442.3615907
6155027.05537309
7148027.45616859
8914888.11433797
7740444.46533819
9469398.95816202
11685424.6090069
7733708.32642264
10087103.3732133
6952254.21287777
6775426.4862253
11460482.7870005
5524612.09848381
9235320.27059162
9065437.49967229
7350559.40115679
10497151.1923232
11628291.1958837
12393509.725947
9758676.235412
12440510.4434012
7617774.37990609
8103083.7207569
10257272.9179483
5447676.37872825
14557851.6673665
13020822.6420496
16992512.527012
9038746.78599711
9847770.09529443
8869582.48358397
7281101.39652739
10487992.9803945
11292913.8136861
7668670.80935854
6786694.05121984
9383961.57509756
10114236.9929174
7449986.56982565
6942720.3542301
6308254.82135032
13528488.7885105
9701587.64199715
7980886.73308801
10054315.35449
7456018.46160567
11115280.104837
5783447.15908749
8176593.43737448
9202420.31783108
5373085.87748221
6264974.23464121
7698618.12541883
21676705.1715965
7646174.79837456
6366307.74644235
8051350.28453541
5113866.63574103
11044694.1431999
6216245.93845091
8194126.54485787
8096572.73995324
7686093.84445989
6362740.67113059
11900643.6119601
6400978.79815125
12051516.1805036
8227729.42462623
8853805.27841439
7954449.3644033
15515158.3504194
10625473.4769389
15387773.6041693
27565979.2188888
7891831.77299031
6337271.3873736
5842855.194376
6900474.12256499
19142835.2349334
6630687.58627826
18376875.8215822
7388399.89523192
13180471.3429972
8836875.80339763
6358784.93799915
19158202.5419279
7527137.24193576
6631248.59663611
7726181.61631663
6024332.49541331
9691163.32682076
9054652.35074016
14881306.5163026
9660544.62376642
8727934.71173835
8993141.50952211
11292769.9881507
6260594.88298711
6291829.04324172
6904824.58412185
8539818.95042441
6150949.5868696
10425871.6807524
7488540.20419793
8401517.11028223
6327469.39994921
6989267.20842187
8987297.63197724
7701969.16647402
10214569.321111
7907067.42377675
6534569.39752614
10793541.354779
6004495.47222521
9942435.43512465
6994980.42612675
18964036.8193276
9637422.82138095
6338749.00598327
8061730.95275258
8051865.41493034
8893032.63979851
9465621.43324027
21554529.6417646
12783132.7843514
8341385.38800221
10028834.6029018
5243678.05422853
5023599.4802228
8173601.20681763
19132082.6507926
14054883.7430762
8521429.70364228
7635141.36620442
7254047.37395361
5408304.89190883
16262118.565359
14135623.4206921
7992144.85423708
8844172.93690371
6514438.1926454
6439363.92677069
7738844.81691438
9524791.20361036
5075323.73810507
11123704.5442453
7530963.1014981
6469066.87891034
8496507.58060771
10825061.7191989
10725052.3411851
9496502.32714675
6354319.3536999
13283117.5394831
28061793.7262506
14381247.8686923
10301301.9669656
10147262.6514657
12365388.4389131
6390383.50336272
14428550.8728134
7585288.62538336
6402304.26963711
7633027.91245034
13101866.2206439
8131348.06605775
11222590.3635141
10706801.0306252
7433975.71820772
10155392.5416735
6612285.01400658
6163804.17502751
11399281.4329917
10022908.0781766
8534675.14854424
10060049.2094349
15014734.6111754
6751984.79263103
9243116.12522
7691451.28751324
6707644.99927275
13106108.4313167
7184469.17412682
13120284.035568
8266029.44311508
8597263.26130752
9669231.84800616
9704524.19402306
5572708.82008896
8950603.62418473
8091279.78830032
8560544.15541166
5760808.48481064
10670137.3343746
11591118.9484704
10370190.0305982
18624206.8752371
8108593.1593393
35314680.7441247
13773221.116183
8430231.26411151
10808714.4740022
8490194.092157
8099397.22979409
7522027.70858327
11802284.9257096
7620854.8114833
6574967.86650422
7211795.69787369
16346147.5955656
19459849.2803358
7384834.51065777
7847599.0832424
8214443.50938648
7434254.32003064
14467118.5099439
6902112.23492424
19670544.8834965
9602028.97917111
9200888.67029364
7395649.19434564
6003549.90249045
6936937.62576682
12484062.1157938
11353164.6226635
8046352.23164303
5386670.61843137
7569379.99180344
5874037.080908
12593216.9914736
14096769.4123218
12637634.1376147
6862281.76906097
7172231.37060663
6333365.21977625
26969596.1539143
13111939.8275629
12822689.9939444
9033085.05382626
6678103.86054667
13678375.6680495
8218247.29432529
6326519.25988893
8540811.49315573
13167109.8462367
9140415.39402453
7584963.39351422
10709808.6392975
14227610.4360043
7238166.17088511
13896296.8541166
9967796.01368732
7992861.16281114
8704618.65345967
17026667.8104328
6024170.09609123
13400159.2958984
9910663.55281007
7836290.61489501
5540806.4042302
9414552.22876508
5574518.3868258
7006063.35143135
14682351.2819803
9213670.72460699
6695069.38228067
19943307.1899481
6358256.58862659
7079041.14832262
8199818.059179
8570048.5536421
5654051.75811205
8327376.29502117
6573797.28004095
7063440.3160265
6823445.67342736
9862262.70588079
11590029.2436037
17695983.5952684
6231991.29288889
9394878.32876812
9202924.40795483
14150127.9271786
6353341.3625779
9805257.05063928
7719707.30368738
8711480.37866446
8134714.61228942
7353948.77600365
10870589.3546469
6066291.69332773
5349070.82695304
9406219.70519631
6518325.20417999
6504224.62283657
6502656.69402937
13968966.653176
9356082.36574917
7462623.60902631
7604167.00488811
8466921.08196485
11204767.5327412
6544799.30159363
8914234.53870053
9209240.68242525
5731958.88289666
7218122.28971686
12906839.1963038
6517395.57321383
5995801.20663211
9537639.05825254
8838998.50977189
19411883.8095201
8490942.71479885
7806782.96732382
6407205.45742139
10707749.7085288
21004448.3811412
9579824.47333543
8401415.85254027
7358626.80983214
8620168.70173368
7020688.88553491
8230569.16369974
13474652.0946876
8788107.97918652
6845111.59095859
6689189.26943104
9404926.69265183
14800784.5903989
5803695.91989633
5164602.72869334
6796261.77220737
10154617.921505
14364210.2605785
5682806.66755578
9495116.81375623
11348570.454242
7958712.76743933
9296757.78902762
6910895.487792
12741352.3724896
18460029.9257343
8479217.84924423
7945897.84218408
7439802.16014415
6926898.63614544
32252667.7332337
17466479.8808747
6159369.07347412
8276301.79704484
9006635.76234145
9425387.06924615
5957951.12765126
10078782.3889747
8433550.2990403
13161300.4371438
8231993.60939936
19633940.1981388
8674280.92735735
7153740.41523583
7551214.14221159
9618207.74742783
10260600.3253443
5186749.42215679
6021205.19428667
6357097.22618677
6786344.78232974
7025285.07287055
6378185.4002146
6043887.89810242
16940505.0850173
9745073.48943018
7610262.95121827
15030368.4651325
8459368.11933146
8349766.62726857
9957864.52276012
8151536.79676681
8243303.02687262
7286487.09376087
9015688.87938533
7334408.50403893
8723163.13406647
10056943.7078618
7449798.53763691
9032048.65630696
14694352.1230271
7969338.8211276
7439571.65869514
7488113.01592349
8130861.25729266
7349701.83206614
7349669.19305279
7615854.18847471
8127743.78067099
7012323.51365152
7929797.35556809
10960272.2567667
11924640.7643098
6884813.07014233
8722848.96531229
6632376.51640674
15905384.1755296
6848113.30661973
7225379.60853997
6023226.68777146
14331510.244348
11425665.7510496
14385088.9032222
8982982.5209216
7564015.22348141
9935056.30764098
7831217.95788307
8174130.05228873
8995565.51645987
8939451.48762808
8634496.81621154
9227251.62813019
8429477.34431153
9691113.96761122
6374561.0918251
6087990.62710416
5326570.34742504
8477132.05128007
13260379.0762312
11973286.4886889
5428283.3809716
11872124.4436491
9389891.03513853
8345482.22139639
12514799.5619891
10037432.8990346
6035050.08094936
9995855.53939781
7707654.08915272
9175529.54111244
7189252.7765712
11833807.988592
10537020.7660819
16782004.9123085
7858251.24418396
6975758.00933418
6386903.67437185
7523577.88468993
32875672.3444833
8558859.72218719
7163460.09871664
7550708.60684593
8578709.2789253
7607040.23246997
8040138.69925716
6366130.33007754
11316983.2416861
8921161.00454614
8885329.40222709
7837216.99641262
5841450.10228481
12263285.833121
8911305.1114835
9552912.38039528
8656951.24619887
7303384.22077411
14878421.8137935
6375595.34756483
5399684.87149535
7015583.23064056
10330734.6770844
11925756.5844408
6945571.21354178
6706842.66010721
10916559.8750267
30853180.4937871
9510891.73179023
6832738.46898261
8214184.3251576
6521211.68421221
9372443.34215394
15691400.0727878
6479437.03031065
19417448.4513502
13449512.085266
8562363.34890379
12247133.7274255
8253581.29838212
9602931.89044034
7942881.38064696
6563646.67165675
8145653.36705542
12343877.3527404
6239270.89074436
7474469.34083017
14143124.6555158
8187679.29173608
6572161.69198391
7701476.46511887
6137600.69444037
7466789.37848881
21867804.6452191
6608186.10255093
10934340.0290411
7135803.82326624
8146197.91552499
8851756.49085842
5481336.83254795
17744873.2914109
5957201.97185651
9719185.18950249
7184790.13452619
7182705.85660046
8321197.92129895
8891319.2484143
5786557.31821943
9535605.55020222
8178660.01655359
6026792.3684221
7917494.97847536
6393370.77563218
9207616.94305312
11745864.5468269
16910576.6955635
6170637.3194166
11307086.4867587
20274431.3625151
6002327.31434178
7357861.6841957
8549389.16946078
7526700.09952908
7446899.27864635
6600396.81635981
8154160.37335765
10590281.9849803
9337775.29547801
6145733.39482079
34965127.7883577
8833560.54326352
8762359.73781644
11350344.8318036
7434275.20610958
7982339.3873948
7237054.9501026
6282816.56809221
6679125.75251408
7752950.61643685
8279502.63683996
8692099.19119195
9186087.64272944
10878827.0617985
5713812.48205816
15476224.5111995
13831170.6013663
4760586.9029787
8658696.97001931
13430752.0583713
16471728.469197
8174055.59398148
15796127.8472691
6901520.6533526
6604258.4825816
5545616.71833499
8330872.47511645
24807842.1491672
5766508.08730393
11413269.571515
6515833.75096534
7857178.00680214
8871297.43472355
6134795.99853317
6450358.31836434
11860757.1578092
6675335.79215281
5296885.46734302
6140155.59713822
13582830.7017795
7350141.61238478
8722196.86002753
25169561.0856197
8007929.23448517
7659609.08557539
7396545.48147929
8571903.57784477
10676120.4764784
6040988.03097577
6863408.55338622
7129541.72081625
12874675.1457508
6442133.33176191
6091515.43184035
8937425.75010878
7858485.68762596
8604642.17589191
11570894.0985266
10056091.6452115
10394517.538702
7141945.98249044
9118167.32628655
8916474.4331297
16808292.0422862
6501105.32101179
7541741.9935585
12071754.6532693
8047632.53556645
11270255.9743596
7655217.05509054
7546421.25149686
8207888.39175573
8954768.83356236
5862105.89954099
7047108.66460989
10700827.5582162
7640134.36455538
8604743.6361477
8510920.72615227
12547046.0033414
6217590.51009975
5928007.79845924
8122973.74456329
6456509.40343523
6799397.80966287
6605811.05510959
7068723.79168696
7187469.76784176
10655054.5994744
6289691.61523086
9043172.01343574
9807527.11919834
8324394.08852195
12893501.1034568
6045367.81009702
10319476.7935305
5462405.64973945
6500742.37103712
9456516.17030464
7065115.88292321
8149442.18373695
7112780.86501666
6537345.28553814
7848174.80275525
8310076.14021067
6179763.06860973
6877379.12121299
8280791.9410656
13055458.8882811
6661315.87722182
9768979.36612848
11982083.268219
6998034.10701278
11936271.8378495
16030691.0624337
11031285.519716
7604776.69577494
10499803.4760746
8945603.18297385
6777399.23562004
6364138.53640146
4841712.62595391
16751072.1625155
30964375.1184989
9206914.47092937
15555599.6669101
6323577.53682799
16492371.5410821
10363291.0131472
6843741.60792627
8249634.89126304
7718039.97203952
9620107.55385839
8523002.57874834
7980186.47595514
7317548.36572933
12562630.453804
6812795.94433712
7505842.31751418
11251097.8441504
8673424.48318408
6667313.29134583
10027164.253994
9093427.03523285
5048390.41073986
9757567.55940725
9725274.3266183
9193435.84969074
11274263.2857518
7061351.7894849
7870506.90189924
9635574.23807219
6702177.63222516
14785198.2418447
9474201.52301498
8953789.59110931
6469796.05700865
8114069.90971748
14795682.4680074
8042813.82135352
9286521.49007404
10178101.1794191
17058498.7640775
13487366.1204521
6550185.20251781
